20 20
1.0000 0.0000 0.0000 0.0000 0.0000 0.0000 0.0000 0.0000 0.0000 0.0000 0.0000 0.0000 0.0000 0.0000 0.0000 0.0000 0.0000 0.0000 0.0000 0.0000
0.0000 1.0000 0.0000 0.0000 0.0000 0.0000 0.0000 0.0000 0.0000 0.0000 0.0000 0.0000 0.0000 0.0000 0.0000 0.0000 0.0000 0.0000 0.0000 0.0000
0.0000 0.0000 1.0000 0.0000 0.0000 0.0000 0.0000 0.0000 0.0000 0.0000 0.0000 0.0000 0.0000 0.0000 0.0000 0.0000 0.0000 0.0000 0.0000 0.0000
0.0000 0.0000 0.0000 1.0000 0.0000 0.0000 0.0000 0.0000 0.0000 0.0000 0.0000 0.0000 0.0000 0.0000 0.0000 0.0000 0.0000 0.0000 0.0000 0.0000
0.0000 0.0000 0.0000 0.0000 1.0000 0.0000 0.0000 0.0000 0.0000 0.0000 0.0000 0.0000 0.0000 0.0000 0.0000 0.0000 0.0000 0.0000 0.0000 0.0000
0.0000 0.0000 0.0000 0.0000 0.0000 1.0000 0.0000 0.0000 0.0000 0.0000 0.0000 0.0000 0.0000 0.0000 0.0000 0.0000 0.0000 0.0000 0.0000 0.0000
0.0000 0.0000 0.0000 0.0000 0.0000 0.0000 1.0000 0.0000 0.0000 0.0000 0.0000 0.0000 0.0000 0.0000 0.0000 0.0000 0.0000 0.0000 0.0000 0.0000
0.0000 0.0000 0.0000 0.0000 0.0000 0.0000 0.0000 -0.1233 -0.0490 0.3424 -0.0280 0.0652 -0.4068 -0.0415 0.5957 -0.4525 -0.2740 0.2212 0.0139 -0.0951
0.0000 0.0000 0.0000 0.0000 0.0000 0.0000 0.0000 0.2195 0.1669 0.2613 0.5149 0.2825 0.1282 0.3501 0.0343 -0.0919 0.3424 -0.0198 -0.1010 -0.4840
0.0000 0.0000 0.0000 0.0000 0.0000 0.0000 0.0000 0.4526 -0.4322 -0.4066 0.0351 0.2183 0.0451 -0.3574 0.3283 -0.0920 0.0983 -0.2177 -0.2949 -0.0644
0.0000 0.0000 0.0000 0.0000 0.0000 0.0000 0.0000 0.3162 -0.0925 0.2004 -0.2024 0.1593 0.0186 0.6081 0.1099 -0.0486 -0.0444 -0.2841 -0.0850 0.5572
0.0000 0.0000 0.0000 0.0000 0.0000 0.0000 0.0000 -0.0710 -0.0623 -0.1001 0.7534 0.1604 -0.3146 -0.0803 -0.1322 0.1297 -0.3021 -0.0289 0.0250 0.3941
0.0000 0.0000 0.0000 0.0000 0.0000 0.0000 0.0000 0.1409 -0.3417 -0.1346 0.0155 0.0344 0.1747 0.3003 0.2037 0.4382 -0.1872 0.6490 0.1603 -0.0877
0.0000 0.0000 0.0000 0.0000 0.0000 0.0000 0.0000 -0.1076 -0.3687 0.3493 0.0948 -0.1794 0.1109 -0.0757 0.2180 0.3352 -0.0791 -0.5348 0.4285 -0.1884
0.0000 0.0000 0.0000 0.0000 0.0000 0.0000 0.0000 0.1070 -0.4720 0.4193 -0.1462 0.3622 -0.0281 -0.1975 -0.5727 -0.1840 -0.0548 0.1680 0.0508 -0.0441
0.0000 0.0000 0.0000 0.0000 0.0000 0.0000 0.0000 -0.1120 0.2113 -0.3140 -0.1984 0.5613 0.0242 0.1493 -0.0598 0.0095 -0.5165 -0.2541 0.1806 -0.3152
0.0000 0.0000 0.0000 0.0000 0.0000 0.0000 0.0000 -0.1497 -0.0601 0.2199 -0.0651 -0.1118 -0.1020 0.0591 -0.0575 0.3659 -0.2989 -0.0951 -0.7855 -0.2059
0.0000 0.0000 0.0000 0.0000 0.0000 0.0000 0.0000 -0.0433 0.2383 0.1814 -0.1935 0.4853 -0.2964 -0.2551 0.1942 0.5162 0.3866 0.0625 0.0383 0.1536
0.0000 0.0000 0.0000 0.0000 0.0000 0.0000 0.0000 0.3907 -0.0290 -0.1556 -0.1114 -0.2689 -0.7317 0.1911 -0.2120 0.1025 0.0556 -0.0711 0.1637 -0.2743
0.0000 0.0000 0.0000 0.0000 0.0000 0.0000 0.0000 0.6280 0.4348 0.2811 0.0189 -0.1313 0.1972 -0.3308 0.0083 0.0999 -0.3896 0.0617 0.0708 0.0318
